url,headline,img_path
/en/news-in-english/19/3068210/foreign-workers-become-increasingly-vital-to-lithuania-s-agricultural-sector,Foreign workers become increasingly vital to Lithuaniaâs agricultural sector,/img/2026/09/02/2477914-196570-150x84.jpg
/en/news-in-english/19/3070215/latvian-defense-minister-russia-s-hybrid-attacks-not-nuclear-rhetoric-main-concern,"Latvian Defense Minister: Russia's hybrid attacks, not nuclear rhetoric, main concern",/img/2025/10/02/2200738-671080-150x84.jpg
/en/news-in-english/19/3066352/lithuanian-trio-recreate-painting-stolen-by-nazis-and-still-held-in-germany,Lithuanian trio recreate painting stolen by Nazis and still held in Germany,/img/2026/09/25/2498027-505815-150x84.jpg
/en/news-in-english/19/3071097/hundreds-protest-against-migration-in-vilnius-more-than-100-hold-counter-protest,"Hundreds protest against migration in Vilnius, more than 100 hold counter-protest",/img/2026/10/03/2503874-552394-150x84.jpg
/en/news-in-english/19/3070182/it-finds-discarded-pizza-slices-raccoons-invade-lithuania-s-curonian-spit,âIt finds discarded pizza slicesâ: Raccoons invade Lithuaniaâs Curonian Spit,/img/2020/11/20/776738-491479-150x84.jpg
/en/news-in-english/19/3071034/lithuania-s-authorities-issue-all-clear-following-earlier-air-alert,Lithuaniaâs authorities issue all-clear following earlier air alert,/img/2026/09/13/2487519-296253-150x84.jpg
/en/news-in-english/19/3068304/the-long-road-home-how-eu-protection-policy-is-affecting-ukrainian-refugees,The long road home: how EU protection policy is affecting Ukrainian refugees,/img/2026/09/24/2496844-152555-150x84.jpg
/en/news-in-english/19/3070204/lithuania-supports-eu-migrant-return-centres-in-africa-but-will-not-join-initiative-yet,Lithuania supports EU migrant âreturn centresâ in Africa but will not join initiative yet,/img/2026/10/01/2502273-901741-150x84.jpg
/en/news-in-english/19/3070288/kaunas-launches-45-metre-observation-wheel,Kaunas launches 45-metre observation wheel,/img/2026/10/02/2503064-713951-150x84.jpg
/en/news-in-english/19/3068292/two-opposing-migration-protests-to-take-place-50-metres-apart-in-vilnius,Two opposing migration protests to take place 50 metres apart in Vilnius,/img/2025/07/08/2124199-338321-150x84.jpg
/en/news-in-english/19/3070136/lithuania-tests-ukrainian-developed-drone-detection-system-skyfortress,Lithuania tests Ukrainian-developed drone detection system SkyFortress,/img/2025/01/18/1969632-402357-150x84.jpg
/en/news-in-english/19/3070123/lithuanian-lawmakers-seek-new-ways-to-preserve-citizenship-after-referendum-efforts-fail,Lithuanian lawmakers seek new ways to preserve citizenship after referendum efforts fail,/img/2025/09/16/2183176-226874-150x84.jpg
/en/news-in-english/19/3070062/lithuania-sees-one-of-eu-s-fastest-housing-price-increases,Lithuania sees one of EUâs fastest housing price increases,/img/2026/09/16/2490255-264817-150x84.jpg
/en/news-in-english/19/3069370/lrt-english-newsletter-seeing-red,LRT English Newsletter: Seeing red,/img/2026/07/21/2444556-86564-150x84.jpg
/en/news-in-english/19/3069255/kaunas-zalgiris-turns-to-police-over-swastika-on-fans-banner,Kaunas Å½algiris turns to police over swastika on fansâ banner,/img/2026/10/01/2502052-223235-150x84.jpg
/en/news-in-english/19/3069356/lithuania-starts-construction-of-leopard-tank-assembly-repair-plant,"Lithuania starts construction of Leopard tank assembly, repair plant",/img/2026/10/01/2502275-814878-150x84.jpg
/en/news-in-english/19/3068210/foreign-workers-become-increasingly-vital-to-lithuania-s-agricultural-sector,Foreign workers become increasingly vital to Lithuaniaâs agricultural sector,
/en/news-in-english/19/3070215/latvian-defense-minister-russia-s-hybrid-attacks-not-nuclear-rhetoric-main-concern,"Latvian Defense Minister: Russia's hybrid attacks, not nuclear rhetoric, main concern",
/en/news-in-english/19/3066352/lithuanian-trio-recreate-painting-stolen-by-nazis-and-still-held-in-germany,Lithuanian trio recreate painting stolen by Nazis and still held in Germany,/img/2026/09/25/2498027-505815-393x221.jpg
/en/news-in-english/19/3071097/hundreds-protest-against-migration-in-vilnius-more-than-100-hold-counter-protest,"Hundreds protest against migration in Vilnius, more than 100 hold counter-protest",/img/2026/10/03/2503874-552394-393x221.jpg
/en/news-in-english/19/3070182/it-finds-discarded-pizza-slices-raccoons-invade-lithuania-s-curonian-spit,âIt finds discarded pizza slicesâ: Raccoons invade Lithuaniaâs Curonian Spit,/img/2020/11/20/776738-491479-393x221.jpg
/en/news-in-english/19/3071097/hundreds-protest-against-migration-in-vilnius-more-than-100-hold-counter-protest,"Hundreds protest against migration in Vilnius, more than 100 hold counter-protest",/img/2026/10/03/2503874-552394-615x345.jpg
/en/news-in-english/19/3071034/lithuania-s-authorities-issue-all-clear-following-earlier-air-alert,Lithuaniaâs authorities issue all-clear following earlier air alert,/img/2026/09/13/2487519-296253-393x221.jpg
/en/news-in-english/19/3070204/lithuania-supports-eu-migrant-return-centres-in-africa-but-will-not-join-initiative-yet,Lithuania supports EU migrant âreturn centresâ in Africa but will not join initiative yet,/img/2026/10/01/2502273-901741-393x221.jpg
/en/news-in-english/19/3068292/two-opposing-migration-protests-to-take-place-50-metres-apart-in-vilnius,Two opposing migration protests to take place 50 metres apart in Vilnius,/img/2025/07/08/2124199-338321-393x221.jpg
/en/news-in-english/19/3070136/lithuania-tests-ukrainian-developed-drone-detection-system-skyfortress,Lithuania tests Ukrainian-developed drone detection system SkyFortress,/img/2025/01/18/1969632-402357-393x221.jpg
/en/news-in-english/19/3068304/the-long-road-home-how-eu-protection-policy-is-affecting-ukrainian-refugees,The long road home: how EU protection policy is affecting Ukrainian refugees,/img/2026/09/24/2496844-152555-615x345.jpg
/en/news-in-english/19/3069162/putin-envoy-praises-lithuanian-pm-for-toning-down-russian-attack-warnings,Putin envoy praises Lithuanian PM for toning down âRussian attackâ warnings,/img/2026/09/29/2500483-730339-615x345.jpg
/en/news-in-english/19/3068118/czechia-would-send-two-brigades-in-event-of-russian-attack-on-baltics-pm-says,"Czechia would send two brigades in event of Russian attack on Baltics, PM says",/img/2026/06/25/2424934-783264-615x345.jpg
/en/news-in-english/19/3067270/estonia-attributes-attack-on-defence-firm-to-russia,Estonia attributes attack on defence firm to Russia,/img/2026/02/24/2323662-662489-615x345.jpg
/en/news-in-english/19/3068210/foreign-workers-become-increasingly-vital-to-lithuania-s-agricultural-sector,Foreign workers become increasingly vital to Lithuaniaâs agricultural sector,/img/2026/09/02/2477914-196570-615x345.jpg
/en/news-in-english/19/3070062/lithuania-sees-one-of-eu-s-fastest-housing-price-increases,Lithuania sees one of EUâs fastest housing price increases,/img/2026/09/16/2490255-264817-615x345.jpg
/en/news-in-english/19/3069356/lithuania-starts-construction-of-leopard-tank-assembly-repair-plant,"Lithuania starts construction of Leopard tank assembly, repair plant",/img/2026/10/01/2502275-814878-615x345.jpg
/en/news-in-english/19/3069047/lithuanian-refrigerator-maker-snaige-files-for-bankruptcy,Lithuanian refrigerator maker SnaigÄ files for bankruptcy,/img/2022/05/30/1272243-655263-615x345.jpg
/en/news-in-english/19/3070182/it-finds-discarded-pizza-slices-raccoons-invade-lithuania-s-curonian-spit,âIt finds discarded pizza slicesâ: Raccoons invade Lithuaniaâs Curonian Spit,/img/2020/11/20/776738-491479-615x345.jpg
/en/news-in-english/19/3070288/kaunas-launches-45-metre-observation-wheel,Kaunas launches 45-metre observation wheel,/img/2026/10/02/2503064-713951-615x345.jpg
/en/news-in-english/19/3069079/lithuanian-catholic-church-to-investigate-sexual-abuse-of-minors-since-independence,Lithuanian Catholic Church to investigate sexual abuse of minors since independence,/img/2020/01/07/579406-716408-615x345.jpg
/en/news-in-english/19/3068140/lithuania-s-justice-ministry-mounts-resistance-against-same-sex-partnership,Lithuaniaâs Justice Ministry mounts resistance against same-sex partnership,/img/2022/03/21/1221559-810969-615x345.jpg
/en/news-in-english/19/3070215/latvian-defense-minister-russia-s-hybrid-attacks-not-nuclear-rhetoric-main-concern,"Latvian Defense Minister: Russia's hybrid attacks, not nuclear rhetoric, main concern",/img/2025/10/02/2200738-671080-615x345.jpg
/en/news-in-english/19/3066352/lithuanian-trio-recreate-painting-stolen-by-nazis-and-still-held-in-germany,Lithuanian trio recreate painting stolen by Nazis and still held in Germany,/img/2026/09/25/2498027-505815-615x345.jpg
/en/news-in-english/19/3069370/lrt-english-newsletter-seeing-red,LRT English Newsletter: Seeing red,/img/2026/07/21/2444556-86564-615x345.jpg
/en/news-in-english/19/3068243/american-troops-are-coming-back-to-lithuania-will-they-stay,American troops are coming back to Lithuania. Will they stay?,/img/2026/04/23/2374358-996726-615x345.jpg
